Jan      Feb      Mar      Apr      May      Jun      Jul      Aug      Sep      Oct      Nov      Dec
9.2167    10.0500    11.2667    12.7000    14.0167    15.0000    15.1500    14.4000    13.1167    11.7500    10.3667   9.3833
9.2333    10.1000    11.300    12.7500    14.0667    15.0167    15.1333    14.3500    13.0833    11.7000    10.3333    9.3667
9.2500    10.1333    11.3500    12.8000    14.1000    15.0333    15.1333    14.3167    13.0333    11.6500    10.300    9.3333
9.2667    10.1667    11.4000    12.8500    14.1500    15.0667    15.1167    14.2833    12.9833    11.6167    10.2500    9.3167
9.2833    10.2167    11.4500    12.8833    14.1833    15.0833    15.1000    14.2500    12.9500    11.5667    10.2167    9.300
9.3000    10.2500    11.5000    12.9333    14.2167    15.0833    15.0833    14.2167    12.9000    11.5167    10.1667    9.2833
9.3167    10.300    11.5333    12.9833    14.2500    15.1000    15.0667    14.1667    12.8500    11.4667    10.1333    9.2667
9.3333    10.3333    11.5833    13.0333    14.300    15.1167    15.0500    14.1333    12.8000    11.4333    10.1000    9.2500
9.3500    10.3833    11.6333    13.0667    14.3333    15.1333    15.0333    14.1000    12.7667    11.3833    10.0667    9.2333
9.3833    10.4167    11.6833    13.1167    14.3667    15.1500    15.0167    14.0500    12.7167    11.3333    10.0167    9.2167
9.4000    10.4667    11.7167    13.1667    14.4000    15.1500    15.0000    14.0167    12.6667    11.2833    9.9833     9.2167
9.4167    10.5000    11.7667    13.2167    14.4333    15.1667    14.9667    13.9833    12.6167    11.2500    9.9500     9.2000
9.4500    10.5500    11.8167    13.2500    14.4667    15.1667    14.9500    13.9333    12.5833    11.2000    9.9167     9.1833
9.4667    10.5833    11.8667    13.300    14.5000    15.1833    14.9333    13.9000    12.5333    11.1500    9.8833     9.1833
9.5000    10.6333    11.9167    13.3500    14.5333    15.1833    14.9000    13.8500    12.4833    11.1167    9.8500     9.1667
9.5333    10.6833    11.9667    13.3833    14.5667    15.2000    14.8833    13.8167    12.4333    11.0667    9.8000     9.1667
9.5500    10.7167    12.0000    13.4333    14.6000    15.2000    14.8500    13.7667    12.4000    11.0167    9.7667     9.1667
9.5833    10.7667    12.0500    13.4833    14.6333    15.2000    14.8333    13.7333    12.3500    10.9833    9.7333     9.1500
9.6167    10.8000    12.1000    13.5167    14.6667    15.2000    14.8000    13.6833    12.300    10.9333    9.7167     9.1500
9.6500    10.8500    12.1500    13.5667    14.7000    15.2000    14.7667    13.6500    12.2500    10.8833    9.6833     9.1500
9.6667    10.9000    12.2000    13.6000    14.7333    15.2000    14.7500    13.6000    12.2167    10.8500    9.6500     9.1500
9.7000    10.9333    12.2333    13.6500    14.7500    15.2000    14.7167    13.5667    12.1667    10.8000    9.6167     9.1500
9.7333    10.9833    12.2833    13.7000    14.7833    15.2000    14.6833    13.5167    12.1167    10.7500    9.5833     9.1500
9.7667    11.0333    12.3333    13.7333    14.8167    15.2000    14.6500    13.4833    12.0667    10.7167    9.5500     9.1500
9.8000    11.0833    12.3833    13.7833    14.8333    15.2000    14.6333    13.4333    12.0333    10.6667    9.5333     9.1500
9.8333    11.1167    12.4333    13.8167    14.8667    15.2000    14.6000    13.3833    11.9833    10.6333    9.5000     9.1667
9.8667    11.1667    12.4667    13.8667    14.8833    15.1833    14.5667    13.3500    11.9333    10.5833    9.4833     9.1667
9.9167    11.2167    12.5167    13.9000    14.9167    15.1833    14.5333    13.300    11.8833    10.5333    9.4500     9.1833
9.9500    -9999      12.5667    13.9500    14.9333    15.1667    14.5000    13.2500    11.8333    10.5000    9.4333     9.1833
9.9833    -9999      12.6167    13.9833    14.9667    15.1667    14.4667    13.2167    11.8000    10.4500    9.4000     9.2000
10.0167   -9999      12.6667    -9999      14.9833    -9999      14.4333    13.1667    -9999      10.4167    -9999      9.2000 